%YAML:1.0

#--------------------------------------------------------------------------------------------
# Camera Parameters. Adjust them!
#--------------------------------------------------------------------------------------------
Camera.type: "KannalaBrandt8" # equidistant model for fisheye cameras

# Left Camera calibration and distortion parameters (OpenCV)
Camera.fx: 278.66723066149086
Camera.fy: 278.48991409740296
Camera.cx: 319.75221200593535
Camera.cy: 241.96858910358173

# Kannala-Brandt distortion parameters
Camera.k1: -0.013721808247486035
Camera.k2: 0.020727425669427896
Camera.k3: -0.012786476702685545
Camera.k4: 0.0025242267320687625

# Right Camera calibration and distortion parameters (OpenCV)
Camera2.fx: 277.61640629770613
Camera2.fy: 277.63749695723294
Camera2.cx: 314.8944703346039
Camera2.cy: 236.04310050462587

# Kannala-Brandt distortion parameters
Camera2.k1: -0.008456929295619607
Camera2.k2: 0.011407590938612062
Camera2.k3: -0.006951788325762078
Camera2.k4: 0.0015368127092821786

# Transformation matrix from right camera to left camera
# Tlr: !!opencv-matrix
#   rows: 3
#   cols: 4
#   dt: f
#   data: [0.999997256477881,   0.002312067192424,   0.000376008102415,  -0.110073808127187,
#     -0.002317135723281,   0.999898048506644,   0.014089835846648,   0.000399121547014,
#     -0.000343393120525,  -0.014090668452714,   0.999900662637729,  -0.000853702503357]
Tlr: !!opencv-matrix
  rows: 3
  cols: 4
  dt: f
  data: [0.999997256477881,   -0.002312067192424,   -0.000376008102415,  0.1101,
    0.002317135723281,   0.999898048506644,   -0.014089835846648,   -0.0002,
    0.000343393120525,  0.014090668452714,   0.999900662637729,  0.0009]

# Lapping area between images
Lapping.left: 0
Lapping.right: 500 #511

# Camera resolution
Camera.width: 640
Camera.height: 480

# Camera frames per second
Camera.fps: 25 #20.0

# Color order of the images (0: BGR, 1: RGB. It is ignored if images are grayscale)
Camera.RGB: 1

# Close/Far threshold. Baseline times. baseline norm 0.0796206523673 * 278.66723066149086 = 22.187
ThDepth: 40 #40 #
Camera.bf: 22.187

#--------------------------------------------------------------------------------------------
# ORB Parameters
#--------------------------------------------------------------------------------------------

# ORB Extractor: Number of features per image
ORBextractor.nFeatures: 1000 # Tested with 1250

# ORB Extractor: Scale factor between levels in the scale pyramid
ORBextractor.scaleFactor: 1.2

# ORB Extractor: Number of levels in the scale pyramid
ORBextractor.nLevels: 8

# ORB Extractor: Fast threshold
# Image is divided in a grid. At each cell FAST are extracted imposing a minimum response.
# Firstly we impose iniThFAST. If no corners are detected we impose a lower value minThFAST
# You can lower these values if your images have low contrast
ORBextractor.iniThFAST: 20 # 20 # 20
ORBextractor.minThFAST: 7 #7 # 7

#--------------------------------------------------------------------------------------------
# Viewer Parameters
#--------------------------------------------------------------------------------------------
Viewer.KeyFrameSize: 0.05
Viewer.KeyFrameLineWidth: 1
Viewer.GraphLineWidth: 0.9
Viewer.PointSize: 2
Viewer.CameraSize: 0.08
Viewer.CameraLineWidth: 3
Viewer.ViewpointX: 0
Viewer.ViewpointY: -0.7
Viewer.ViewpointZ: -3.5
Viewer.ViewpointF: 500
